,point,date,opt1,opt2,diff_opt1,diff_opt2
0,1.6000000000000005,2018-8-1 18:1:20,89.0,78.0,0.0,0.0
1,1.6000000000000005,2018-8-1 18:1:20,72.0,87.0,-17.0,9.0
2,1.6000000000000005,2018-8-1 18:1:20,86.0,49.0,14.0,-38.0
3,1.6000000000000005,2018-8-1 18:1:20,82.0,74.0,-4.0,25.0
4,1.6000000000000005,2018-8-1 18:1:20,84.0,76.0,2.0,2.0
5,1.6000000000000005,2018-8-1 18:1:20,88.0,86.0,4.0,10.0
6,1.6000000000000005,2018-8-1 18:1:20,75.0,60.0,-13.0,-26.0
7,1.6000000000000005,2018-8-1 18:1:20,73.0,72.0,-2.0,12.0
8,1.6000000000000005,2018-8-1 18:1:20,84.0,80.0,11.0,8.0
9,1.6000000000000005,2018-8-1 18:1:20,91.0,56.0,7.0,-24.0
10,1.6000000000000005,2018-8-1 18:1:20,84.0,57.0,-7.0,1.0
11,1.6000000000000005,2018-8-1 18:1:20,75.0,61.0,-9.0,4.0
12,1.6000000000000005,2018-8-1 18:1:20,91.0,76.0,16.0,15.0
13,1.6000000000000005,2018-8-1 18:1:20,77.0,62.0,-14.0,-14.0
14,1.6000000000000005,2018-8-1 18:1:20,89.0,65.0,12.0,3.0
15,1.6000000000000005,2018-8-1 18:1:20,97.0,49.0,8.0,-16.0
16,1.6000000000000005,2018-8-1 18:1:20,70.0,77.0,-27.0,28.0
17,1.6000000000000005,2018-8-1 18:1:20,98.0,77.0,28.0,0.0
18,1.6000000000000005,2018-8-1 18:1:20,88.0,61.0,-10.0,-16.0
19,1.6000000000000005,2018-8-1 18:1:20,83.0,77.0,-5.0,16.0
